   0.50000    0.00000
   1.50000    0.00000
   2.50000    0.00000
   3.50000    0.00000
   4.50000    0.00000
   5.50000    0.00000
   6.50000    0.00000
   7.50000    0.00000
   8.50000    0.00000
   9.50000    0.00000
  10.50000    0.00000
  11.50000    0.00000
  12.50000    0.00000
  13.50000    0.00000
  14.50000    0.00000
  15.50000    0.00000
  16.50000    0.00000
  17.50000    0.00000
  18.50000    0.00000
  19.50000    0.00000
  20.50000    0.00000
  21.50000    0.00000
  22.50000    0.00000
  23.50000    0.00000
  24.50000    0.00000
  25.50000    0.00000
  26.50000    0.00000
  27.50000    0.00000
  28.50000    0.00000
  29.50000    0.00000
  30.50000    0.00000
  31.50000    0.00000
  32.50000    0.00000
  33.50000    0.00000
  34.50000    0.00000
  35.50000    0.00000
  36.50000    0.00000
  37.50000    0.00000
  38.50000    0.00000
  39.50000    0.00000
  40.50000    0.00000
  41.50000    0.00000
  42.50000    0.00000
  43.50000    0.00000
  44.50000    0.00000
  45.50000    0.00000
  46.50000    0.00000
  47.50000    0.00000
  48.50000    0.00000
  49.50000    0.00000
  50.50000    0.00000
  51.50000    0.00000
  52.50000    0.00000
  53.50000    0.00000
  54.50000    0.00000
  55.50000    0.00000
  56.50000    0.00000
  57.50000    0.00000
  58.50000    0.00000
  59.50000    0.00000
  60.50000    0.00000
  61.50000    0.00000
  62.50000    0.00000
  63.50000    0.00000
  64.50000    0.00000
  65.50000    0.00000
  66.50000    0.00000
  67.50000    0.00000
  68.50000    0.00000
  69.50000    0.00000
  70.50000    0.00000
  71.50000    0.00000
  72.50000    0.00000
  73.50000    0.00000
  74.50000    0.00000
  75.50000    0.00000
  76.50000    0.00000
  77.50000    0.00000
  78.50000    0.00000
  79.50000    0.00000
  80.50000    0.00000
  81.50000    0.00000
  82.50000    0.00000
  83.50000    0.00000
  84.50000    0.00000
  85.50000    0.00000
  86.50000    0.00000
  87.50000    0.00000
  88.50000    0.00000
  89.50000    0.00000
  90.50000    0.00000
  91.50000    0.00000
  92.50000    0.00000
  93.50000    0.00000
  94.50000    0.00000
  95.50000    0.00000
  96.50000    0.00000
  97.50000    0.00000
  98.50000    0.00000
  99.50000    0.00000
 100.50000    0.00000
 101.50000    0.00000
 102.50000    0.00000
 103.50000    0.00000
 104.50000    0.00000
 105.50000    0.00000
 106.50000    0.00000
 107.50000    0.00000
 108.50000    0.00000
 109.50000    0.00000
 110.50000    0.00000
 111.50000    0.00000
 112.50000    0.00000
 113.50000    0.00000
 114.50000    0.00000
 115.50000    0.00000
 116.50000    0.00000
 117.50000    0.00000
 118.50000    0.00000
 119.50000    0.00000
 120.50000    0.00000
 121.50000    0.00000
 122.50000    0.00000
 123.50000    0.00000
 124.50000    0.00000
 125.50000    0.00000
 126.50000    0.00000
 127.50000    0.00000
 128.50000    0.00000
 129.50000    0.00000
 130.50000    0.00000
 131.50000    0.00000
 132.50000    0.00000
 133.50000    0.00000
 134.50000    0.00000
 135.50000    0.00000
 136.50000    0.00000
 137.50000    0.00000
 138.50000    0.00000
 139.50000    0.00000
 140.50000    0.00000
 141.50000    0.00000
 142.50000    0.00000
 143.50000    0.00000
 144.50000    0.00000
 145.50000    0.00000
 146.50000    0.00000
 147.50000    0.00000
 148.50000    0.00000
 149.50000    0.00000
 150.50000    0.00000
 151.50000    0.00000
 152.50000    0.00000
 153.50000    0.00000
 154.50000    0.00000
 155.50000    0.00000
 156.50000    0.00000
 157.50000    0.00000
 158.50000    0.00000
 159.50000    0.00000
 160.50000    0.00000
 161.50000    0.00000
 162.50000    0.00000
 163.50000    0.00000
 164.50000    0.00000
 165.50000    0.00000
 166.50000    0.00000
 167.50000    0.00000
 168.50000    0.00000
 169.50000    0.00000
 170.50000    0.00000
 171.50000    0.00000
 172.50000    0.00000
 173.50000    0.00000
 174.50000    0.00000
 175.50000    0.00000
 176.50000    0.00000
 177.50000    0.00000
 178.50000    0.00000
 179.50000    0.00000
 180.50000    0.00000
 181.50000    0.00000
 182.50000    0.00000
 183.50000    0.00000
 184.50000    0.00000
 185.50000    0.00000
 186.50000    0.00000
 187.50000    0.00000
 188.50000    0.00000
 189.50000    0.00000
 190.50000    0.00000
 191.50000    0.00000
 192.50000    0.00000
 193.50000    0.00000
 194.50000    0.00000
 195.50000    0.00000
 196.50000    0.00000
 197.50000    0.00001
 198.50000    0.00000
 199.50000    0.00001
 200.50000    0.00001
 201.50000    0.00002
 202.50000    0.00003
 203.50000    0.00008
 204.50000    0.00011
 205.50000    0.00015
 206.50000    0.00020
 207.50000    0.00195
 208.50000    0.00855
 209.50000    0.00718
 210.50000    0.00262
 211.50000    0.00118
 212.50000    0.00057
 213.50000    0.00039
 214.50000    0.00026
 215.50000    0.00023
 216.50000    0.00019
 217.50000    0.00017
 218.50000    0.00014
 219.50000    0.00013
 220.50000    0.00012
 221.50000    0.00011
 222.50000    0.00009
 223.50000    0.00005
 224.50000    0.00007
 225.50000    0.00005
 226.50000    0.00008
 227.50000    0.00003
 228.50000    0.00002
 229.50000    0.00005
 230.50000    0.00003
 231.50000    0.00002
 232.50000    0.00000
 233.50000    0.00000
 234.50000    0.00000
 235.50000    0.00000
 236.50000    0.00000
 237.50000    0.00000
 238.50000    0.00001
 239.50000    0.00000
 240.50000    0.00000
 241.50000    0.00002
 242.50000    0.00005
 243.50000    0.00004
 244.50000    0.00008
 245.50000    0.00018
 246.50000    0.00030
 247.50000    0.00039
 248.50000    0.00059
 249.50000    0.00072
 250.50000    0.00090
 251.50000    0.00112
 252.50000    0.00110
 253.50000    0.00109
 254.50000    0.00090
 255.50000    0.00078
 256.50000    0.00071
 257.50000    0.00056
 258.50000    0.00043
 259.50000    0.00031
 260.50000    0.00029
 261.50000    0.00025
 262.50000    0.00020
 263.50000    0.00015
 264.50000    0.00013
 265.50000    0.00006
 266.50000    0.00004
 267.50000    0.00001
 268.50000    0.00001
 269.50000    0.00000
 270.50000    0.00001
 271.50000    0.00000
 272.50000    0.00000
 273.50000    0.00000
 274.50000    0.00000
 275.50000    0.00000
 276.50000    0.00000
 277.50000    0.00000
 278.50000    0.00000
 279.50000    0.00001
 280.50000    0.00000
 281.50000    0.00002
 282.50000    0.00002
 283.50000    0.00002
 284.50000    0.00002
 285.50000    0.00003
 286.50000    0.00006
 287.50000    0.00007
 288.50000    0.00009
 289.50000    0.00010
 290.50000    0.00015
 291.50000    0.00015
 292.50000    0.00015
 293.50000    0.00014
 294.50000    0.00019
 295.50000    0.00013
 296.50000    0.00019
 297.50000    0.00013
 298.50000    0.00010
 299.50000    0.00007
 300.50000    0.00006
 301.50000    0.00003
 302.50000    0.00003
 303.50000    0.00001
 304.50000    0.00001
 305.50000    0.00002
 306.50000    0.00000
 307.50000    0.00000
 308.50000    0.00000
 309.50000    0.00000
 310.50000    0.00000
 311.50000    0.00000
 312.50000    0.00000
 313.50000    0.00000
 314.50000    0.00000
 315.50000    0.00000
 316.50000    0.00000
 317.50000    0.00000
 318.50000    0.00001
 319.50000    0.00002
 320.50000    0.00009
 321.50000    0.00018
 322.50000    0.00030
 323.50000    0.00047
 324.50000    0.00082
 325.50000    0.00092
 326.50000    0.00140
 327.50000    0.00158
 328.50000    0.00161
 329.50000    0.00158
 330.50000    0.00137
 331.50000    0.00125
 332.50000    0.00103
 333.50000    0.00095
 334.50000    0.00065
 335.50000    0.00051
 336.50000    0.00045
 337.50000    0.00027
 338.50000    0.00021
 339.50000    0.00017
 340.50000    0.00010
 341.50000    0.00006
 342.50000    0.00004
 343.50000    0.00002
 344.50000    0.00001
 345.50000    0.00000
 346.50000    0.00001
 347.50000    0.00000
 348.50000    0.00003
 349.50000    0.00005
 350.50000    0.00009
 351.50000    0.00013
 352.50000    0.00024
 353.50000    0.00027
 354.50000    0.00051
 355.50000    0.00048
 356.50000    0.00068
 357.50000    0.00076
 358.50000    0.00081
 359.50000    0.00088
 360.50000    0.00088
 361.50000    0.00079
 362.50000    0.00074
 363.50000    0.00054
 364.50000    0.00038
 365.50000    0.00030
 366.50000    0.00011
 367.50000    0.00006
 368.50000    0.00001
 369.50000    0.00002
 370.50000    0.00001
 371.50000    0.00001
 372.50000    0.00002
 373.50000    0.00004
 374.50000    0.00006
 375.50000    0.00015
 376.50000    0.00024
 377.50000    0.00025
 378.50000    0.00045
 379.50000    0.00052
 380.50000    0.00098
 381.50000    0.00108
 382.50000    0.00122
 383.50000    0.00138
 384.50000    0.00158
 385.50000    0.00171
 386.50000    0.00162
 387.50000    0.00155
 388.50000    0.00165
 389.50000    0.00131
 390.50000    0.00120
 391.50000    0.00106
 392.50000    0.00097
 393.50000    0.00075
 394.50000    0.00063
 395.50000    0.00053
 396.50000    0.00050
 397.50000    0.00033
 398.50000    0.00032
 399.50000    0.00033
 400.50000    0.00025
 401.50000    0.00024
 402.50000    0.00018
 403.50000    0.00018
 404.50000    0.00025
 405.50000    0.00028
 406.50000    0.00036
 407.50000    0.00072
 408.50000    0.00106
 409.50000    0.00165
 410.50000    0.00230
 411.50000    0.00343
 412.50000    0.00488
 413.50000    0.00566
 414.50000    0.00472
 415.50000    0.00384
 416.50000    0.00317
 417.50000    0.00283
 418.50000    0.00206
 419.50000    0.00123
 420.50000    0.00077
 421.50000    0.00043
 422.50000    0.00019
 423.50000    0.00012
 424.50000    0.00009
 425.50000    0.00002
 426.50000    0.00004
 427.50000    0.00004
 428.50000    0.00005
 429.50000    0.00005
 430.50000    0.00009
 431.50000    0.00015
 432.50000    0.00022
 433.50000    0.00027
 434.50000    0.00031
 435.50000    0.00038
 436.50000    0.00070
 437.50000    0.00092
 438.50000    0.00091
 439.50000    0.00109
 440.50000    0.00104
 441.50000    0.00104
 442.50000    0.00104
 443.50000    0.00087
 444.50000    0.00071
 445.50000    0.00057
 446.50000    0.00032
 447.50000    0.00030
 448.50000    0.00015
 449.50000    0.00011
 450.50000    0.00011
 451.50000    0.00008
 452.50000    0.00010
 453.50000    0.00014
 454.50000    0.00016
 455.50000    0.00030
 456.50000    0.00031
 457.50000    0.00035
 458.50000    0.00047
 459.50000    0.00046
 460.50000    0.00055
 461.50000    0.00052
 462.50000    0.00063
 463.50000    0.00043
 464.50000    0.00038
 465.50000    0.00039
 466.50000    0.00030
 467.50000    0.00019
 468.50000    0.00023
 469.50000    0.00014
 470.50000    0.00013
 471.50000    0.00009
 472.50000    0.00006
 473.50000    0.00004
 474.50000    0.00005
 475.50000    0.00004
 476.50000    0.00008
 477.50000    0.00008
 478.50000    0.00008
 479.50000    0.00009
 480.50000    0.00016
 481.50000    0.00013
 482.50000    0.00011
 483.50000    0.00014
 484.50000    0.00010
 485.50000    0.00006
 486.50000    0.00009
 487.50000    0.00004
 488.50000    0.00003
 489.50000    0.00002
 490.50000    0.00003
 491.50000    0.00002
 492.50000    0.00003
 493.50000    0.00003
 494.50000    0.00004
 495.50000    0.00008
 496.50000    0.00017
 497.50000    0.00021
 498.50000    0.00034
 499.50000    0.00038
 500.50000    0.00055
 501.50000    0.00070
 502.50000    0.00080
 503.50000    0.00118
 504.50000    0.00123
 505.50000    0.00153
 506.50000    0.00179
 507.50000    0.00209
 508.50000    0.00197
 509.50000    0.00196
 510.50000    0.00171
 511.50000    0.00144
 512.50000    0.00130
 513.50000    0.00106
 514.50000    0.00095
 515.50000    0.00071
 516.50000    0.00080
 517.50000    0.00091
 518.50000    0.00105
 519.50000    0.00129
 520.50000    0.00164
 521.50000    0.00207
 522.50000    0.00233
 523.50000    0.00245
 524.50000    0.00261
 525.50000    0.00283
 526.50000    0.00257
 527.50000    0.00255
 528.50000    0.00217
 529.50000    0.00197
 530.50000    0.00158
 531.50000    0.00129
 532.50000    0.00100
 533.50000    0.00084
 534.50000    0.00059
 535.50000    0.00061
 536.50000    0.00037
 537.50000    0.00026
 538.50000    0.00032
 539.50000    0.00030
 540.50000    0.00032
 541.50000    0.00043
 542.50000    0.00050
 543.50000    0.00084
 544.50000    0.00090
 545.50000    0.00118
 546.50000    0.00112
 547.50000    0.00118
 548.50000    0.00118
 549.50000    0.00114
 550.50000    0.00094
 551.50000    0.00070
 552.50000    0.00060
 553.50000    0.00046
 554.50000    0.00040
 555.50000    0.00045
 556.50000    0.00051
 557.50000    0.00066
 558.50000    0.00092
 559.50000    0.00107
 560.50000    0.00137
 561.50000    0.00198
 562.50000    0.00235
 563.50000    0.00269
 564.50000    0.00328
 565.50000    0.00340
 566.50000    0.00387
 567.50000    0.00394
 568.50000    0.00362
 569.50000    0.00338
 570.50000    0.00312
 571.50000    0.00257
 572.50000    0.00253
 573.50000    0.00196
 574.50000    0.00166
 575.50000    0.00151
 576.50000    0.00145
 577.50000    0.00153
 578.50000    0.00142
 579.50000    0.00176
 580.50000    0.00187
 581.50000    0.00221
 582.50000    0.00223
 583.50000    0.00236
 584.50000    0.00200
 585.50000    0.00178
 586.50000    0.00155
 587.50000    0.00137
 588.50000    0.00102
 589.50000    0.00066
 590.50000    0.00041
 591.50000    0.00030
 592.50000    0.00023
 593.50000    0.00020
 594.50000    0.00023
 595.50000    0.00031
 596.50000    0.00044
 597.50000    0.00059
 598.50000    0.00103
 599.50000    0.00117
 600.50000    0.00150
 601.50000    0.00142
 602.50000    0.00151
 603.50000    0.00148
 604.50000    0.00135
 605.50000    0.00100
 606.50000    0.00085
 607.50000    0.00072
 608.50000    0.00059
 609.50000    0.00047
 610.50000    0.00047
 611.50000    0.00055
 612.50000    0.00047
 613.50000    0.00057
 614.50000    0.00071
 615.50000    0.00086
 616.50000    0.00093
 617.50000    0.00122
 618.50000    0.00169
 619.50000    0.00234
 620.50000    0.00311
 621.50000    0.00296
 622.50000    0.00232
 623.50000    0.00198
 624.50000    0.00149
 625.50000    0.00128
 626.50000    0.00097
 627.50000    0.00068
 628.50000    0.00062
 629.50000    0.00053
 630.50000    0.00038
 631.50000    0.00045
 632.50000    0.00041
 633.50000    0.00050
 634.50000    0.00059
 635.50000    0.00061
 636.50000    0.00073
 637.50000    0.00086
 638.50000    0.00086
 639.50000    0.00089
 640.50000    0.00093
 641.50000    0.00084
 642.50000    0.00090
 643.50000    0.00116
 644.50000    0.00119
 645.50000    0.00128
 646.50000    0.00151
 647.50000    0.00167
 648.50000    0.00183
 649.50000    0.00200
 650.50000    0.00230
 651.50000    0.00210
 652.50000    0.00231
 653.50000    0.00226
 654.50000    0.00197
 655.50000    0.00174
 656.50000    0.00155
 657.50000    0.00123
 658.50000    0.00125
 659.50000    0.00100
 660.50000    0.00083
 661.50000    0.00092
 662.50000    0.00111
 663.50000    0.00101
 664.50000    0.00113
 665.50000    0.00113
 666.50000    0.00115
 667.50000    0.00116
 668.50000    0.00114
 669.50000    0.00110
 670.50000    0.00116
 671.50000    0.00090
 672.50000    0.00098
 673.50000    0.00099
 674.50000    0.00082
 675.50000    0.00094
 676.50000    0.00100
 677.50000    0.00103
 678.50000    0.00106
 679.50000    0.00108
 680.50000    0.00106
 681.50000    0.00112
 682.50000    0.00121
 683.50000    0.00118
 684.50000    0.00100
 685.50000    0.00088
 686.50000    0.00075
 687.50000    0.00056
 688.50000    0.00046
 689.50000    0.00038
 690.50000    0.00026
 691.50000    0.00029
 692.50000    0.00028
 693.50000    0.00029
 694.50000    0.00033
 695.50000    0.00044
 696.50000    0.00062
 697.50000    0.00076
 698.50000    0.00097
 699.50000    0.00113
 700.50000    0.00127
 701.50000    0.00150
 702.50000    0.00171
 703.50000    0.00162
 704.50000    0.00168
 705.50000    0.00201
 706.50000    0.00189
 707.50000    0.00170
 708.50000    0.00195
 709.50000    0.00173
 710.50000    0.00176
 711.50000    0.00174
 712.50000    0.00193
 713.50000    0.00188
 714.50000    0.00213
 715.50000    0.00205
 716.50000    0.00218
 717.50000    0.00220
 718.50000    0.00229
 719.50000    0.00251
 720.50000    0.00211
 721.50000    0.00216
 722.50000    0.00219
 723.50000    0.00242
 724.50000    0.00243
 725.50000    0.00310
 726.50000    0.00340
 727.50000    0.00339
 728.50000    0.00342
 729.50000    0.00354
 730.50000    0.00313
 731.50000    0.00296
 732.50000    0.00263
 733.50000    0.00229
 734.50000    0.00213
 735.50000    0.00186
 736.50000    0.00180
 737.50000    0.00174
 738.50000    0.00166
 739.50000    0.00158
 740.50000    0.00187
 741.50000    0.00180
 742.50000    0.00171
 743.50000    0.00185
 744.50000    0.00167
 745.50000    0.00148
 746.50000    0.00139
 747.50000    0.00149
 748.50000    0.00140
 749.50000    0.00147
 750.50000    0.00163
 751.50000    0.00151
 752.50000    0.00192
 753.50000    0.00195
 754.50000    0.00217
 755.50000    0.00245
 756.50000    0.00292
 757.50000    0.00321
 758.50000    0.00342
 759.50000    0.00337
 760.50000    0.00359
 761.50000    0.00339
 762.50000    0.00306
 763.50000    0.00268
 764.50000    0.00264
 765.50000    0.00229
 766.50000    0.00189
 767.50000    0.00173
 768.50000    0.00158
 769.50000    0.00140
 770.50000    0.00122
 771.50000    0.00115
 772.50000    0.00132
 773.50000    0.00128
 774.50000    0.00095
 775.50000    0.00094
 776.50000    0.00072
 777.50000    0.00071
 778.50000    0.00067
 779.50000    0.00059
 780.50000    0.00066
 781.50000    0.00079
 782.50000    0.00105
 783.50000    0.00122
 784.50000    0.00140
 785.50000    0.00147
 786.50000    0.00150
 787.50000    0.00171
 788.50000    0.00170
 789.50000    0.00154
 790.50000    0.00152
 791.50000    0.00159
 792.50000    0.00134
 793.50000    0.00146
 794.50000    0.00160
 795.50000    0.00188
 796.50000    0.00206
 797.50000    0.00230
 798.50000    0.00254
 799.50000    0.00263
 800.50000    0.00270
 801.50000    0.00239
 802.50000    0.00217
 803.50000    0.00197
 804.50000    0.00167
 805.50000    0.00153
 806.50000    0.00152
 807.50000    0.00141
 808.50000    0.00132
 809.50000    0.00131
 810.50000    0.00133
 811.50000    0.00128
 812.50000    0.00123
 813.50000    0.00099
 814.50000    0.00091
 815.50000    0.00099
 816.50000    0.00092
 817.50000    0.00094
 818.50000    0.00110
 819.50000    0.00112
 820.50000    0.00154
 821.50000    0.00176
 822.50000    0.00166
 823.50000    0.00209
 824.50000    0.00216
 825.50000    0.00263
 826.50000    0.00324
 827.50000    0.00375
 828.50000    0.00391
 829.50000    0.00352
 830.50000    0.00377
 831.50000    0.00325
 832.50000    0.00301
 833.50000    0.00309
 834.50000    0.00288
 835.50000    0.00273
 836.50000    0.00236
 837.50000    0.00216
 838.50000    0.00212
 839.50000    0.00182
 840.50000    0.00156
 841.50000    0.00146
 842.50000    0.00106
 843.50000    0.00097
 844.50000    0.00077
 845.50000    0.00082
 846.50000    0.00054
 847.50000    0.00048
 848.50000    0.00056
 849.50000    0.00061
 850.50000    0.00054
 851.50000    0.00044
 852.50000    0.00046
 853.50000    0.00052
 854.50000    0.00042
 855.50000    0.00056
 856.50000    0.00060
 857.50000    0.00058
 858.50000    0.00066
 859.50000    0.00064
 860.50000    0.00076
 861.50000    0.00070
 862.50000    0.00057
 863.50000    0.00073
 864.50000    0.00070
 865.50000    0.00072
 866.50000    0.00065
 867.50000    0.00085
 868.50000    0.00112
 869.50000    0.00131
 870.50000    0.00147
 871.50000    0.00174
 872.50000    0.00207
 873.50000    0.00211
 874.50000    0.00210
 875.50000    0.00252
 876.50000    0.00238
 877.50000    0.00238
 878.50000    0.00243
 879.50000    0.00228
 880.50000    0.00225
 881.50000    0.00259
 882.50000    0.00264
 883.50000    0.00253
 884.50000    0.00276
 885.50000    0.00290
 886.50000    0.00263
 887.50000    0.00298
 888.50000    0.00293
 889.50000    0.00267
 890.50000    0.00319
 891.50000    0.00320
 892.50000    0.00349
 893.50000    0.00365
 894.50000    0.00365
 895.50000    0.00344
 896.50000    0.00344
 897.50000    0.00330
 898.50000    0.00327
 899.50000    0.00305
 900.50000    0.00275
 901.50000    0.00265
 902.50000    0.00215
 903.50000    0.00215
 904.50000    0.00177
 905.50000    0.00170
 906.50000    0.00153
 907.50000    0.00149
 908.50000    0.00171
 909.50000    0.00180
 910.50000    0.00204
 911.50000    0.00234
 912.50000    0.00252
 913.50000    0.00267
 914.50000    0.00301
 915.50000    0.00291
 916.50000    0.00337
 917.50000    0.00336
 918.50000    0.00357
 919.50000    0.00354
 920.50000    0.00344
 921.50000    0.00337
 922.50000    0.00314
 923.50000    0.00321
 924.50000    0.00307
 925.50000    0.00264
 926.50000    0.00285
 927.50000    0.00259
 928.50000    0.00254
 929.50000    0.00270
 930.50000    0.00259
 931.50000    0.00276
 932.50000    0.00275
 933.50000    0.00258
 934.50000    0.00268
 935.50000    0.00250
 936.50000    0.00221
 937.50000    0.00221
 938.50000    0.00207
 939.50000    0.00179
 940.50000    0.00187
 941.50000    0.00205
 942.50000    0.00194
 943.50000    0.00216
 944.50000    0.00222
 945.50000    0.00223
 946.50000    0.00245
 947.50000    0.00245
 948.50000    0.00246
 949.50000    0.00272
 950.50000    0.00259
 951.50000    0.00264
 952.50000    0.00302
 953.50000    0.00302
 954.50000    0.00278
 955.50000    0.00289
 956.50000    0.00293
 957.50000    0.00287
 958.50000    0.00287
 959.50000    0.00276
 960.50000    0.00262
 961.50000    0.00237
 962.50000    0.00264
 963.50000    0.00239
 964.50000    0.00202
 965.50000    0.00212
 966.50000    0.00194
 967.50000    0.00178
 968.50000    0.00197
 969.50000    0.00200
 970.50000    0.00192
 971.50000    0.00174
 972.50000    0.00196
 973.50000    0.00171
 974.50000    0.00181
 975.50000    0.00194
 976.50000    0.00191
 977.50000    0.00196
 978.50000    0.00219
 979.50000    0.00209
 980.50000    0.00214
 981.50000    0.00180
 982.50000    0.00160
 983.50000    0.00134
 984.50000    0.00095
 985.50000    0.00085
 986.50000    0.00090
 987.50000    0.00072
 988.50000    0.00095
 989.50000    0.00090
 990.50000    0.00107
 991.50000    0.00123
 992.50000    0.00119
 993.50000    0.00140
 994.50000    0.00136
 995.50000    0.00140
 996.50000    0.00153
 997.50000    0.00155
 998.50000    0.00182
 999.50000    0.00179
