5.000000000000000000e+00 0.000000000000000000e+00
1.500000000000000000e+01 0.000000000000000000e+00
2.500000000000000000e+01 0.000000000000000000e+00
3.500000000000000000e+01 0.000000000000000000e+00
4.500000000000000000e+01 0.000000000000000000e+00
5.500000000000000000e+01 0.000000000000000000e+00
6.500000000000000000e+01 0.000000000000000000e+00
7.500000000000000000e+01 0.000000000000000000e+00
8.500000000000000000e+01 0.000000000000000000e+00
9.500000000000000000e+01 0.000000000000000000e+00
1.050000000000000000e+02 0.000000000000000000e+00
1.150000000000000000e+02 0.000000000000000000e+00
1.250000000000000000e+02 0.000000000000000000e+00
1.350000000000000000e+02 0.000000000000000000e+00
1.450000000000000000e+02 0.000000000000000000e+00
1.550000000000000000e+02 0.000000000000000000e+00
1.650000000000000000e+02 0.000000000000000000e+00
1.750000000000000000e+02 0.000000000000000000e+00
1.850000000000000000e+02 0.000000000000000000e+00
1.950000000000000000e+02 9.330506604521345595e-08
2.050000000000000000e+02 1.326756570244693161e-03
2.150000000000000000e+02 3.080311247039313233e-04
2.250000000000000000e+02 3.008725526923514007e-04
2.350000000000000000e+02 5.648585026081617328e-05
2.450000000000000000e+02 4.546030162314011322e-06
2.550000000000000000e+02 8.792965751805309764e-05
2.650000000000000000e+02 1.747655723174651053e-04
2.750000000000000000e+02 1.833029858606021259e-04
2.850000000000000000e+02 5.537551997487812766e-04
2.950000000000000000e+02 5.712395324026982866e-04
3.050000000000000000e+02 2.071216957760330048e-04
3.150000000000000000e+02 5.701976258318600280e-06
3.250000000000000000e+02 8.620351379621666704e-06
3.350000000000000000e+02 3.231154437145742101e-04
3.450000000000000000e+02 6.740513479549628583e-04
3.550000000000000000e+02 1.084671392775606388e-04
3.650000000000000000e+02 1.970810339466119864e-05
3.750000000000000000e+02 7.000575433076759984e-04
3.850000000000000000e+02 1.306281291862548951e-03
3.950000000000000000e+02 3.088397686096565407e-04
4.050000000000000000e+02 5.900197687516875282e-04
4.150000000000000000e+02 1.311242011207286191e-03
4.250000000000000000e+02 1.241242477214254914e-03
4.350000000000000000e+02 2.989183299201822247e-04
4.450000000000000000e+02 5.305637072217654800e-04
4.550000000000000000e+02 4.372638247913323097e-04
4.650000000000000000e+02 2.883022868501490402e-04
4.750000000000000000e+02 1.712147961929667177e-05
4.850000000000000000e+02 5.397749906863401727e-04
4.950000000000000000e+02 1.179422687344520776e-03
5.050000000000000000e+02 7.727940259047001931e-04
5.150000000000000000e+02 1.676427672478691087e-03
5.250000000000000000e+02 1.712915136917149894e-03
5.350000000000000000e+02 8.242517698286354290e-04
5.450000000000000000e+02 9.837204949294656772e-04
5.550000000000000000e+02 3.345297634607720004e-04
5.650000000000000000e+02 7.239954763630535863e-05
5.750000000000000000e+02 1.168106856279148417e-03
5.850000000000000000e+02 1.131204702658266661e-03
5.950000000000000000e+02 1.861456802061129800e-03
6.050000000000000000e+02 1.049904888444203781e-03
6.150000000000000000e+02 1.117960566894626601e-03
6.250000000000000000e+02 1.943912562371196816e-03
6.350000000000000000e+02 5.283865890140437491e-04
6.450000000000000000e+02 1.129348968566922917e-03
6.550000000000000000e+02 1.299060516473605521e-03
6.650000000000000000e+02 1.978150337995009719e-03
6.750000000000000000e+02 1.933203214235118452e-03
6.850000000000000000e+02 1.945954906594630921e-03
6.950000000000000000e+02 1.179661133624414085e-03
7.050000000000000000e+02 1.391525836924412162e-03
7.150000000000000000e+02 1.691786723072689208e-03
7.250000000000000000e+02 1.329156583887967230e-03
7.350000000000000000e+02 1.815493689804301191e-03
7.450000000000000000e+02 5.022352524474825875e-04
7.550000000000000000e+02 1.146926606286884998e-03
7.650000000000000000e+02 1.206030182011747550e-03
7.750000000000000000e+02 5.428696087101730558e-04
7.850000000000000000e+02 2.417342467484610326e-03
7.950000000000000000e+02 4.011469888096642379e-03
8.050000000000000000e+02 1.730404653185846830e-03
8.150000000000000000e+02 2.258988219561542093e-03
8.250000000000000000e+02 1.417065506946899077e-03
8.350000000000000000e+02 2.344149826786920410e-03
8.450000000000000000e+02 2.611432555702994807e-03
8.550000000000000000e+02 3.514496004651154228e-03
8.650000000000000000e+02 2.869970526484720737e-03
8.750000000000000000e+02 1.295566760111690335e-03
8.850000000000000000e+02 1.652515657497214893e-03
8.950000000000000000e+02 2.703431350823575548e-03
9.050000000000000000e+02 1.562196353565448474e-03
9.150000000000000000e+02 1.224006958069791826e-03
9.250000000000000000e+02 2.279805616519184862e-03
9.350000000000000000e+02 1.542809634287165129e-03
9.450000000000000000e+02 1.449914073809594351e-03
9.550000000000000000e+02 2.141138737531657170e-03
9.650000000000000000e+02 2.551981677787852794e-03
9.750000000000000000e+02 2.135089459083058631e-03
9.850000000000000000e+02 1.683746936548459949e-03
9.950000000000000000e+02 6.669487589830100545e-03
