5.000000000000000000e+00 0.000000000000000000e+00
1.500000000000000000e+01 0.000000000000000000e+00
2.500000000000000000e+01 0.000000000000000000e+00
3.500000000000000000e+01 0.000000000000000000e+00
4.500000000000000000e+01 0.000000000000000000e+00
5.500000000000000000e+01 0.000000000000000000e+00
6.500000000000000000e+01 0.000000000000000000e+00
7.500000000000000000e+01 0.000000000000000000e+00
8.500000000000000000e+01 0.000000000000000000e+00
9.500000000000000000e+01 0.000000000000000000e+00
1.050000000000000000e+02 0.000000000000000000e+00
1.150000000000000000e+02 0.000000000000000000e+00
1.250000000000000000e+02 0.000000000000000000e+00
1.350000000000000000e+02 0.000000000000000000e+00
1.450000000000000000e+02 0.000000000000000000e+00
1.550000000000000000e+02 0.000000000000000000e+00
1.650000000000000000e+02 0.000000000000000000e+00
1.750000000000000000e+02 0.000000000000000000e+00
1.850000000000000000e+02 1.140253780582675404e-07
1.950000000000000000e+02 1.964087137053658645e-05
2.050000000000000000e+02 1.305355401424918276e-03
2.150000000000000000e+02 3.890332101764228698e-04
2.250000000000000000e+02 1.308441213218620037e-04
2.350000000000000000e+02 1.467292818026044016e-04
2.450000000000000000e+02 1.930877245694188036e-04
2.550000000000000000e+02 2.008058173467377626e-04
2.650000000000000000e+02 1.967222834950260702e-04
2.750000000000000000e+02 1.946056874148194683e-04
2.850000000000000000e+02 1.945486747257903573e-04
2.950000000000000000e+02 2.052314273326243110e-04
3.050000000000000000e+02 2.224064999026508481e-04
3.150000000000000000e+02 2.447483474159426213e-04
3.250000000000000000e+02 2.782860617373305646e-04
3.350000000000000000e+02 2.997869720874426786e-04
3.450000000000000000e+02 2.864460028546253240e-04
3.550000000000000000e+02 3.465801366081041474e-04
3.650000000000000000e+02 4.627149841604496702e-04
3.750000000000000000e+02 6.020967556644244703e-04
3.850000000000000000e+02 7.423265909177075277e-04
3.950000000000000000e+02 8.487479015767144998e-04
4.050000000000000000e+02 9.657236862922396548e-04
4.150000000000000000e+02 9.337324411607669317e-04
4.250000000000000000e+02 5.337029085878498618e-04
4.350000000000000000e+02 5.300113369732134842e-04
4.450000000000000000e+02 5.523389313142479254e-04
4.550000000000000000e+02 5.652594319654753556e-04
4.650000000000000000e+02 5.827552009112907643e-04
4.750000000000000000e+02 6.046765798429926944e-04
4.850000000000000000e+02 6.494814268337632509e-04
4.950000000000000000e+02 7.010850369912579845e-04
5.050000000000000000e+02 7.568291936894934674e-04
5.150000000000000000e+02 8.220588365249511652e-04
5.250000000000000000e+02 8.872457198436368942e-04
5.350000000000000000e+02 9.498527789837545076e-04
5.450000000000000000e+02 1.026869795275985606e-03
5.550000000000000000e+02 1.113023094985135302e-03
5.650000000000000000e+02 1.207571513153824936e-03
5.750000000000000000e+02 1.282229629437475846e-03
5.850000000000000000e+02 1.342998029356403788e-03
5.950000000000000000e+02 1.309987682408535366e-03
6.050000000000000000e+02 1.252761195795542345e-03
6.150000000000000000e+02 1.138750070909531941e-03
6.250000000000000000e+02 1.081103115714949050e-03
6.350000000000000000e+02 1.107628269285753676e-03
6.450000000000000000e+02 1.174347368622097538e-03
6.550000000000000000e+02 1.228395397821716072e-03
6.650000000000000000e+02 1.279528653294720450e-03
6.750000000000000000e+02 1.331695263756377994e-03
6.850000000000000000e+02 1.385237305340863154e-03
6.950000000000000000e+02 1.446404794082995198e-03
7.050000000000000000e+02 1.527512470813066452e-03
7.150000000000000000e+02 1.603011524259897102e-03
7.250000000000000000e+02 1.671555029645172951e-03
7.350000000000000000e+02 1.731468239228664118e-03
7.450000000000000000e+02 1.799063908658830738e-03
7.550000000000000000e+02 1.845693161698533499e-03
7.650000000000000000e+02 1.867821211627965997e-03
7.750000000000000000e+02 1.868462604379543795e-03
7.850000000000000000e+02 1.865291273552298259e-03
7.950000000000000000e+02 1.834083952894976057e-03
8.050000000000000000e+02 1.813203055538055702e-03
8.150000000000000000e+02 1.821548287894695370e-03
8.250000000000000000e+02 1.850546366852138299e-03
8.350000000000000000e+02 1.908628043800568528e-03
8.450000000000000000e+02 1.966360518028695357e-03
8.550000000000000000e+02 2.040719317694942702e-03
8.650000000000000000e+02 2.094745967136175686e-03
8.750000000000000000e+02 2.147632362796826015e-03
8.850000000000000000e+02 2.213681563037077360e-03
8.950000000000000000e+02 2.293627606228179974e-03
9.050000000000000000e+02 2.364252074763019407e-03
9.150000000000000000e+02 2.411672378863001856e-03
9.250000000000000000e+02 2.461978950345083527e-03
9.350000000000000000e+02 2.482339606914612824e-03
9.450000000000000000e+02 2.509099937827662628e-03
9.550000000000000000e+02 2.526574327015092269e-03
9.650000000000000000e+02 2.541297853956865811e-03
9.750000000000000000e+02 2.557019102956649501e-03
9.850000000000000000e+02 2.554531924397753298e-03
9.950000000000000000e+02 2.572433908752901760e-03
